5 2 1 0 0 1 1 2
2 2458227.547200.2687700000D+00 0.000000D+00    0.00000.0000D+00 0         0.
      0.000000       1.000000     0.100000    0.000000    1.000000    0.100000    0.250000
 0 0 1 1  20  20     0.000000 0.00000D+000.00000  100.00
.00000 0.100000D+02    1.0000    1.0000    0.0000   86.000  0.320  0.320   0.00
 0.4800  0.5434   0.600  0.600 0.369714D+01 0.362302D+01 0.100000D+01  0.500  0.500  0.500  0.500
  7   1.00000   1.00000  0.500000  0.500000  0.500000  0.500000  0.00000.0000D+00   0.000  1.0000 0.055000
  1.50000  1.50000  0.20000  0.75000
 300.
 300.
150.
9
