5 2 1 0 0 1 1 2
2 2437348.571000.2712207000D+00 0.000000D+00    0.00000.0000D+00 0         0.
      0.000000       1.000000     0.100000    0.000000    1.000000    0.100000    0.250000
 6 0 1 1  20  20     0.000000 0.00000D+000.00000  100.00
.00000 0.430000D+01    1.0000    1.0000    0.0000   87.300  0.320  0.320   0.00
 0.5000  0.5000   0.600  0.600 0.100000D+02 0.100000D+02 0.100000D+01  0.500  0.500  0.500  0.500
  7   1.00000   1.00000  0.500000  0.500000  0.500000  0.500000  0.00000.0000D+00   0.000  1.0000 0.055000
 300.
 300.
150.
9
