5 1 1 0 0 1 1 1
2 2458227.412870.2686700000D+00 0.000000D+00    0.00000.0000D+00 0         0.
      0.000000       1.000000     0.100000    0.000000    1.000000    0.100000    0.250000
 1 1 1 1  20  20     0.000000 0.00000D+000.00000  100.00
.00000 0.100000D+02    1.0000    1.0000    0.0000   84.457  0.320  0.320   0.00
 0.5000  0.4861   0.650  0.650 0.368799D+01 0.370316D+01 0.100633D+01  0.665  0.669  0.000  0.000
  7   1.00000   1.00000  0.500000  0.500000  0.500000  0.500000  0.00000.0000D+00   0.000  1.0000 0.055000
 300.
 300.
150.
9
